0
71
71
87
99
103
113
114
115
129
129
147
156
156
158
184
185
212
216
227
229
232
246
259
271
271
276
283
285
287
300
319
341
356
359
370
374
375
385
388
390
400
430
432
456
456
470
475
488
488
499
503
503
503
517
531
546
559
559
585
590
602
602
612
617
617
644
646
646
659
661
688
704
715
715
715
716
732
741
749
758
774
775
775
775
786
802
829
831
844
844
846
873
873
878
888
888
900
905
931
931
944
959
973
987
987
987
991
1002
1002
1015
1020
1034
1034
1058
1060
1090
1100
1102
1105
1115
1116
1120
1131
1134
1149
1171
1190
1203
1205
1207
1214
1219
1219
1231
1244
1258
1261
1263
1274
1278
1305
1306
1332
1334
1334
1343
1361
1361
1375
1376
1377
1387
1391
1403
1419
1419
1490
